tecnica         | n_registros | repeticiones | tiempo_construccion_seg | tiempo_construccion_seg_std | tiempo_snapshot_seg | tiempo_snapshot_seg_std | tiempo_igualdad_seg | tiempo_igualdad_seg_std | tiempo_rango_seg | tiempo_rango_seg_std | tiempo_orden_seg | tiempo_orden_seg_std | espacio_total_bytes | espacio_total_bytes_std | espacio_adicional_bytes | espacio_adicional_bytes_std | memoria_estimada_bytes | memoria_estimada_bytes_std | tiempo_actualizaciones_seg | tiempo_actualizaciones_seg_std
----------------+-------------+--------------+-------------------------+-----------------------------+---------------------+-------------------------+---------------------+-------------------------+------------------+----------------------+------------------+----------------------+---------------------+-------------------------+-------------------------+-----------------------------+------------------------+----------------------------+----------------------------+-------------------------------
B+ agrupado     | 1000        | 3            | 0.981629                | 0.128441                    | NA                  | NA                      | 0.061358            | 0.014171                | 0.028926         | 0.003498             | 0.006942         | 0.002034             | 73728.000000        | 0.000000                | 28672.000000            | 0.000000                    | NA                     | NA                         | 1.794411                   | 0.341946                      
B+ no agrupado  | 1000        | 3            | 1.498057                | 0.097110                    | NA                  | NA                      | 0.095220            | 0.012218                | 0.109259         | 0.036583             | 0.054447         | 0.027767             | 73728.000000        | 0.000000                | 28672.000000            | 0.000000                    | NA                     | NA                         | 2.265038                   | 0.130856                      
Extendible Hash | 1000        | 3            | 0.044768                | 0.001227                    | 0.015329            | 0.001282                | 0.009507            | 0.002400                | NA               | NA                   | 0.071723         | 0.013035             | 62935.000000        | 0.000000                | 17879.000000            | 0.000000                    | 239391.666667          | 468.825483                 | 0.519346                   | 0.161338                      
B+ agrupado     | 10000       | 3            | 10.666268               | 0.559575                    | NA                  | NA                      | 0.056222            | 0.005613                | 0.027137         | 0.004968             | 0.057182         | 0.001713             | 663552.000000       | 0.000000                | 245760.000000           | 0.000000                    | NA                     | NA                         | 1.526734                   | 0.120819                      
B+ no agrupado  | 10000       | 3            | 17.557745               | 0.512971                    | NA                  | NA                      | 0.089764            | 0.014344                | 0.115734         | 0.036132             | 0.428527         | 0.086481             | 684032.000000       | 0.000000                | 266240.000000           | 0.000000                    | NA                     | NA                         | 2.102841                   | 0.068741                      
Extendible Hash | 10000       | 3            | 0.700807                | 0.093701                    | 0.153176            | 0.043835                | 0.009702            | 0.001952                | NA               | NA                   | 1.522843         | 0.196153             | 614870.000000       | 0.000000                | 197078.000000           | 0.000000                    | 2380781.000000         | 8.000000                   | 0.262224                   | 0.049038                      
B+ agrupado     | 100000      | 3            | 120.565036              | 1.682247                    | NA                  | NA                      | 0.073514            | 0.017213                | 0.030384         | 0.002337             | 0.621809         | 0.073106             | 6496256.000000      | 0.000000                | 2355200.000000          | 0.000000                    | NA                     | NA                         | 1.363942                   | 0.082355                      
B+ no agrupado  | 100000      | 3            | 186.164494              | 75.375718                   | NA                  | NA                      | 0.101927            | 0.043445                | 0.090439         | 0.043357             | 4.018767         | 1.973033             | 6352896.000000      | 0.000000                | 2211840.000000          | 0.000000                    | NA                     | NA                         | 2.361217                   | 0.953915                      
Extendible Hash | 100000      | 3            | 8.673993                | 3.564038                    | 1.031663            | 0.552989                | 0.010988            | 0.004486                | NA               | NA                   | 14.550485        | 6.308709             | 6310035.000000      | 0.000000                | 2168979.000000          | 0.000000                    | 23793261.000000        | 8.000000                   | 0.250573                   | 0.117080                      

Resultados: C:\Users\LENOVO\OneDrive\Documentos\Base_de_datos_proyecto2\Multimodal-tiny-database-engine\benchmarks\results
Duración completa: 1251.115 s
